4.000000000000000222e-01
9.359999999999999432e-01
2.336256000000002109e-01
6.982742481960964032e-01
8.216805577588637277e-01
5.714343131637906747e-01
9.550988417209882453e-01
1.672516726304380530e-01
5.431863474677594006e-01
9.677262636303364252e-01
1.218053550105796246e-01
4.171783609551725225e-01
9.482482468131204767e-01
1.913866859929589381e-01
6.035555074286067523e-01
9.331774018366947310e-01
2.431936202982417361e-01
7.177968850434577330e-01
7.900016157749307766e-01
6.470063451069246740e-01
8.907176245433846562e-01
3.796249776975813561e-01
9.184884306221997585e-01
2.919829903979363483e-01
8.062428024932384307e-01
6.092398490922407150e-01
9.284599559441873984e-01
2.590460579939894425e-01
7.485706715438799064e-01
7.340292228680758146e-01
7.613982590906815950e-01
7.085167055630074984e-01
8.054310556544851396e-01
6.111762939429685737e-01
9.267953434939159019e-01
2.645983656104503035e-01
7.588856750542422036e-01
7.136150082816662410e-01
7.970376501236122735e-01
6.308976741952657674e-01
9.081766156720531002e-01
3.252282166321853185e-01
8.558738125798911467e-01
4.810799351274248070e-01
9.736039214663483321e-01
1.002273697296181543e-01
3.517091919381322707e-01
8.892383613529972752e-01
3.841246423998107007e-01
9.226343158540102340e-01
2.783829167441895791e-01
7.834548867958299745e-01
6.616479758910964737e-01
8.730927343722149070e-01
4.321270650787891743e-01
9.570337323502062787e-01
1.603686532267560583e-01
5.251371383270707627e-01
9.725356846792303500e-01
1.041691041484508473e-01
3.639398173685041704e-01
9.028017441389075692e-01
3.422279441827507651e-01
8.779211157724753356e-01
4.179849579878204269e-01
9.487667782465876165e-01
1.895726770944944073e-01
5.991760210555117094e-01
9.366400557056271392e-01
2.314473008382086361e-01
6.937298463143738436e-01
8.286281119233355197e-01
5.538138998094442877e-01
9.637058503304664070e-01
1.364098490402664288e-01
4.594285882878048066e-01
9.685804461515501451e-01
1.186862253892154301e-01
4.079392406390955350e-01
9.419467846849850501e-01
2.132638540757534895e-01
6.543512922199860027e-01
8.820851465010798309e-01
4.056426692106686049e-01
9.402771070926194685e-01
2.190086689836009404e-01
6.670711003851664822e-01
8.661402649227495365e-01
4.521710949689652370e-01
9.660783437897758619e-01
1.278068120557000475e-01
4.347417003066501029e-01
9.583912818524185084e-01
1.555219876146168023e-01
5.122061060337614880e-01
9.744189428044209844e-01
9.721400016250857090e-02
3.422774095061581479e-01
8.779819793468562894e-01
4.178055308272275448e-01
9.486518700258840253e-01
1.899748481368813413e-01
6.001491803277758663e-01
9.358835525507310793e-01
2.340215616014408029e-01
6.990963341975490186e-01
8.204065338654816797e-01
5.746246469196010231e-01
9.532815320812869642e-01
1.736898254287607413e-01
5.597345128880206744e-01
9.610839730831204353e-01
1.458661220869486574e-01
4.858978664056298191e-01
9.742244063295374401e-01
9.793372852145129648e-02
3.445365820234180809e-01
8.807413901170504378e-01
4.096403760217704471e-01
9.431570395826005537e-01
2.090861692467030908e-01
6.449396579981242494e-01
8.930707326036083638e-01
3.724320567648041758e-01
9.115330374490931975e-01
3.144981804429006766e-01
8.407973922699208957e-01
5.220428359458845202e-01
9.731050421955049767e-01
1.020693142918388668e-01
3.574395605501474726e-01
8.957384323050732178e-01
3.642252634672196177e-01
9.031043615858709295e-01
3.412768073147449677e-01
8.767470976048176157e-01
4.214403353407495390e-01
9.509306784456418304e-01
1.819799406225573735e-01
5.805666431509146630e-01
9.496851624444333506e-01
1.863546932415620083e-01
5.913438240387808298e-01
9.424595926588917871e-01
2.114950845700974413e-01
6.503831637138605126e-01
8.868011258784999074e-01
3.915010671745869364e-01
9.290891281454114470e-01
2.569418284189016188e-01
7.445986283878480716e-01
7.416688928640552403e-01
7.472249702652609127e-01
7.366312749016293848e-01
7.566219949798750344e-01
7.181660916009411366e-01
7.893738702547220543e-01
6.484247765338327918e-01
8.890833342724390187e-01
3.845952200666217791e-01
9.230587733972612785e-01
2.769829695812584536e-01
7.810272761585037582e-01
6.669923132142350219e-01
8.662429125766993865e-01
4.518779030506108740e-01
9.659686287622550882e-01
1.282056243367524218e-01
4.358988746781861656e-01
9.589750783566606263e-01
1.534333220452392121e-01
5.065769971524644033e-01
9.748312981229801943e-01
9.568742945909745889e-02
3.374722466801700627e-01
8.719804446631531647e-01
4.353591402739910854e-01
9.587040810901413801e-01
1.544032073658710980e-01
5.091951419919114041e-01
9.746702525186194954e-01
9.628379035824900789e-02
3.393515660827412517e-01
8.743491146517352597e-01
4.284646874019016893e-01
9.550425263008202048e-01
1.674515671052926591e-01
5.437050051391699723e-01
9.675505028505619887e-01
1.224464564083278251e-01
4.190679547133480676e-01
9.494550157783054889e-01
1.871617362877203428e-01
5.933156609541959670e-01
9.410395309406579534e-01
2.163881153758132059e-01
6.613007657096762193e-01
8.735300456277413916e-01
4.308536895520159726e-01
9.563532722305809752e-01
1.627925946053208894e-01
5.315355464132552887e-01
9.711214863184278734e-01
1.093737260035499703e-01
3.799033448482363462e-01
9.187494943432976680e-01
2.911305578502068059e-01
8.048568689305333201e-01
6.125429289168993208e-01
9.256029476881424412e-01
2.685623105847407266e-01
7.661027240806912442e-01
6.988384269236584956e-01
8.208067919162471693e-01
5.736237088155822228e-01
9.538602430509295349e-01
1.716424311332295505e-01
5.545070971748259359e-01
9.634130077945389781e-01
1.374686984065923712e-01
4.624271159234599193e-01
9.694942856904664730e-01
1.153429512455947242e-01
3.979519238898492350e-01
9.343861416326457725e-01
2.391038518342617214e-01
7.095394795018964418e-01
8.037635054672898072e-01
6.151381577102728038e-01
9.232984980924289209e-01
2.761916878995063773e-01
7.796483737954393867e-01
6.700074694309081647e-01
8.622800953170254301e-01
4.631372168946391588e-01
9.697004273647357175e-01
1.145878832802000452e-01
3.956842511136968166e-01
9.325610756837299231e-01
2.452745716330044512e-01
7.219483289586773322e-01
7.828818631625579227e-01
6.629136208253514351e-01
8.714906933833370672e-01
4.367791924453129915e-01
9.594122050193194529e-01
1.518676609292184676e-01
5.023351105231149694e-01
9.749787343094948877e-01
9.514128761962603598e-02
3.357487497378519592e-01
8.697839544705526782e-01
4.417133253628688916e-01
9.617503878830063746e-01
1.434676592305833276e-01
4.792502909433740688e-01
9.733208533388550965e-01
1.012727421988542931e-01
3.549646381568768438e-01
8.929625008786339357e-01
3.727638443225175235e-01
9.118627466848202578e-01
3.134394037836187308e-01
8.392610613636144468e-01
5.261175357454919155e-01
9.723397098736735744e-01
1.048912740581701003e-01
3.661674692700334077e-01
9.051465295018089607e-01
3.348395295672954020e-01
8.686158741251459592e-01
4.450771156375227799e-01
9.632355594158931167e-01
1.381099843213137723e-01
4.642389045531128411e-01
9.700124618045107283e-01
1.134443144190070418e-01
3.922413375855332007e-01
9.297134756311155046e-01
2.548506825580041379e-01
7.406170674151217881e-01
7.492033647873321822e-01
7.328009636168201224e-01
7.636344742224119297e-01
7.039377696057423917e-01
8.127966059001170418e-01
5.934173050157307561e-01
9.409655077820318070e-01
2.166427416914858961e-01
6.618637902391398820e-01
8.728204422967368314e-01
4.329191794420955142e-01
9.574506377017851788e-01
1.588817648582973030e-01
5.211895636498591333e-01
9.732489093300813465e-01
1.015383322897649293e-01
3.557903675257549914e-01
8.938939694164084182e-01
3.699054093438034485e-01
9.089940501797868500e-01
3.226230809783826037e-01
8.522959715337544706e-01
4.909614389202434093e-01
9.746813872130691836e-01
9.624256447055748454e-02
3.392217396932834528e-01
8.741863689497081369e-01
4.289397890397083080e-01
9.553067410312874319e-01
1.665135091287258118e-01
5.412683655848178343e-01
9.683579958076354854e-01
1.194990722759141089e-01
4.103542716043288019e-01
9.436582091835972186e-01
2.073528343536136243e-01
6.409947821126323886e-01
8.974698385263442102e-01
3.588691371011832332e-01
8.973201101959981107e-01
3.593332471319756749e-01
8.978301720865080604e-01
3.577515012927156013e-01
8.960849220005424609e-01
3.631552647989143567e-01
9.019667219462044194e-01
3.448487423465088630e-01
8.811195402693060563e-01
4.085167944971598852e-01
9.423602101326078451e-01
2.118380335165966077e-01
6.511544561824298416e-01
8.858940884671561156e-01
3.942344346958004397e-01
9.313732162639439816e-01
2.492768783313923930e-01
7.298378734169195248e-01
7.689807525784334574e-01
6.928324834951242739e-01
8.299809699055001877e-01
5.503389820508789443e-01
9.651173488557169833e-01
1.312968219943741466e-01
4.448260694613518917e-01
9.631277658167739508e-01
1.384994228652972059e-01
4.653375976519795731e-01
9.703142196675094144e-01
1.123376856363126203e-01
3.888999270865394764e-01
9.268614178146327154e-01
2.643783869269980547e-01
7.584815762662187044e-01
7.144303714506307079e-01
7.956765016182237860e-01
6.340440849241530952e-01
9.049255148577011187e-01
3.355377769271801203e-01
8.695134910095895231e-01
4.424931418514334025e-01
9.621025489369344763e-01
1.421988136373535105e-01
4.757154130461825892e-01
9.727000094622816340e-01
1.035633341119995277e-01
3.620680827644629507e-01
9.008016662101429040e-01
3.484962950163754680e-01
8.854818467673158944e-01
3.954746086701523833e-01
9.323903260126346071e-01
2.458505632856814727e-01
7.230914488893989134e-01
7.808978011864718960e-01
6.672760586255607196e-01
8.658730088217220233e-01
4.529340715213864277e-01
9.663607136681394705e-01
1.267799705130801535e-01
4.317565574001525075e-01
9.568370469142730705e-01
1.610696590099204295e-01
5.269922734297587397e-01
9.721585269828632025e-01
1.055586690497540697e-01
3.682225421089743711e-01
9.072753362079377659e-01
3.280945220151738617e-01
8.597491758913529125e-01
4.702640687374204376e-01
9.715515201285938041e-01
1.077927390712083294e-01
3.750765114514654219e-01
9.141370758345701564e-01
3.061128814348468286e-01
8.283903624925585962e-01
5.544231023058232566e-01
9.634486911480986127e-01
1.373397116251457717e-01
4.620623094198834657e-01
9.693868533704446122e-01
1.157363293436716456e-01
3.991315825135267614e-01
9.353196931797206348e-01
2.359373824466641512e-01
7.030566426424346149e-01
8.141951995272521669e-01
5.899973687167178182e-01
9.434118471338618361e-01
2.082051419032132922e-01
6.429374670742767917e-01
8.953186339749211742e-01
3.655203927655889529e-01
9.044694174285061727e-01
3.369775124236747965e-01
8.713523073232648519e-01
4.371801089981810495e-01
9.596092790486263624e-01
1.511613113883674420e-01
5.004151203780941026e-01
9.749993279327795470e-01
9.506499000729023985e-02
3.355077869605957996e-01
8.694750162126571036e-01
4.426040283391614039e-01
9.621522395047219511e-01
1.420196993310034461e-01
4.752154068984457691e-01
9.726043233846825009e-01
1.039160987206151354e-01
3.631584182744797551e-01
9.019700878923451182e-01
3.448381889152993263e-01
8.811067682855709959e-01
4.085547615510195518e-01
9.423872966235354864e-01
2.117445711658681173e-01
6.509443502158378525e-01
8.861416322378821153e-01
3.934890954253903450e-01
9.307561661061237723e-01
2.513515889100586542e-01
7.338784738835454347e-01
7.616733518702246686e-01
7.079555219919061448e-01
8.063425534049879495e-01
6.090015358959172120e-01
9.286627941720910773e-01
2.583680146810443667e-01
7.472945363161980215e-01
7.364971080018107852e-01
7.568695598364414412e-01
7.176703139947879784e-01
7.902165741811005839e-01
6.465199262752843179e-01
8.912744536967124320e-01
3.779267773489230486e-01
9.168827004151643978e-01
2.972143749687851111e-01
8.146241620947279882e-01
5.889453828421422621e-01
9.441460035971525055e-01
2.056638772058449471e-01
6.371283625921658755e-01
9.016636674738867097e-01
3.457985631025651263e-01
8.822654757491890098e-01
4.051051135959601313e-01
9.398803460840210455e-01
2.203705964031072717e-01
6.700488469117796830e-01
8.622252196894990561e-01
4.632922718614871371e-01
9.697449165101451607e-01
1.144248823102193419e-01
3.951941316121960202e-01
9.321613468107653455e-01
2.466226242585510542e-01
7.246196313032686742e-01
7.782294828094162842e-01
6.730945840928584945e-01
8.581492333351092849e-01
4.747435939797464144e-01
9.725122444242663144e-01
1.042554975896553826e-01
3.642065263667561004e-01
9.030845168226081521e-01
3.413392019617496609e-01
8.768243295468756138e-01
4.212133561800359693e-01
9.507913925467857963e-01
1.824697695823457311e-01
5.817807558065544171e-01
9.489164411208640404e-01
1.890487126763734649e-01
5.979062579559398793e-01
9.376160221469532763e-01
2.281196469250814651e-01
6.867161870862448225e-01
8.390345553719001925e-01
5.267167240287339292e-01
9.722162449629725423e-01
1.053460901729726534e-01
3.675683366871382307e-01
9.066012327535363235e-01
3.302342063408878481e-01
8.626003436828377779e-01
4.622318639682428953e-01
9.694369148126781299e-01
1.155530337435020649e-01
3.985820675310830508e-01
9.348861715975477216e-01
2.374086692375902974e-01
7.060785927328642186e-01
8.093732931072448178e-01
6.017238454967173134e-01
9.346438111037038698e-01
2.382305541300663854e-01
7.077593531148966832e-01
8.066605996537906664e-01
6.082411788179122869e-01
9.293070041116240354e-01
2.562124352607378919e-01
7.432137307861502729e-01
7.443036165126198922e-01
7.422313975395334884e-01
7.461634051795735800e-01
7.386739540065485610e-01
7.528355003476318030e-01
7.256894180794544180e-01
7.763507176111332786e-01
6.771580954156655174e-01
8.525985359919064921e-01
4.901296624238204447e-01
9.746200481009156258e-01
9.646965876866969714e-02
3.399367284523318600e-01
8.750810214956841193e-01
4.263254865236411617e-01
9.538310576496848991e-01
1.717457473390166800e-01
5.547716678789192946e-01
9.633002511512691601e-01
1.378762214043665890e-01
4.635788390049205843e-01
9.698266462239049090e-01
1.141253977421910204e-01
3.942930861962731237e-01
9.314215886589566340e-01
2.491141100720298818e-01
7.295194539166968140e-01
7.695511990677470493e-01
6.916343892164452667e-01
8.317774173915959413e-01
5.457026067049546292e-01
9.668539597874517000e-01
1.249847829000280824e-01
4.265179890794975615e-01
9.539415368772087289e-01
1.713546162804752138e-01
5.537696258634006163e-01
9.637244266045885688e-01
1.363426590639576219e-01
4.592380196949754079e-01
9.685199977502897406e-01
1.189071456614671368e-01
4.085961218512281223e-01
9.424167911315213253e-01
2.116427934070625461e-01
6.507154734830801202e-01
8.864108996058067680e-01
3.926778049967413753e-01
9.300795911927617343e-01
2.536230264339210949e-01
7.382637088960366523e-01
7.535985795901083417e-01
7.241822656765298794e-01
7.789950158489373777e-01
6.714309464126595461e-01
8.603845793870333880e-01
4.684795242661210501e-01
9.711251924770888388e-01
1.093601067523613801e-01
3.798618478335466508e-01
9.187106151367172568e-01
2.912575410101441720e-01
8.050636846779867239e-01
6.120509783336905985e-01
9.260338551924048867e-01
2.671311014965982444e-01
7.635110968282682320e-01
7.041914172086157775e-01
8.123928740395143233e-01
5.944016997723953200e-01
9.402444444123218004e-01
2.191208337399357664e-01
6.673168864480996110e-01
8.658197320863235680e-01
4.530861021035327285e-01
9.664164361182233653e-01
1.265772616632235281e-01
4.311662881229471611e-01
9.565214884259846118e-01
1.621937093607620228e-01
5.299589490177788464e-01
9.714995993576254207e-01
1.079836984418349743e-01
3.756605553193654856e-01
9.147048397363944927e-01
3.042775940069242790e-01
8.256016851898984044e-01
5.615358161458433583e-01
9.602320389919334342e-01
1.489272341127771127e-01
4.943168609039512718e-01
9.748740375270584790e-01
9.552912908272442882e-02
3.369729268597403404e-01
8.713464763509497502e-01
4.371969985567606964e-01
9.596175537379096898e-01
1.511316467543208086e-01
5.003344012042272304e-01
9.749995638857549274e-01
9.506411580253623650e-02
3.355050257879510500e-01
8.694714734900116371e-01
4.426142380807665533e-01
9.621568098829014204e-01
1.420032240075528862e-01
4.751694026781532187e-01
9.725954216028971366e-01
1.039489131719216336e-01
3.632597928269619136e-01
9.020782513948710779e-01
3.444990110454471122e-01
8.806958254932084618e-01
4.097756849629738407e-01
9.432523346067878123e-01
2.087567346759656439e-01
6.441917055732371278e-01
8.939141329711354222e-01
3.698434577978347293e-01
9.089311706357062759e-01
3.228236609617924358e-01
8.525733250515705741e-01
4.901989968021102650e-01
9.746253673116281879e-01
9.644996674677790149e-02
3.398747455791610306e-01
8.750036212969801719e-01
4.265519076551891886e-01
9.539609731505417356e-01
1.712857959392311835e-01
5.535931909899114434e-01
9.637983025301235518e-01
1.360754248236863695e-01
4.584797239726846052e-01
9.682766600466007345e-01
1.197961816568412774e-01
4.112357204174011960e-01
9.442715204137106522e-01
2.052289829822305234e-01
6.361291853526084283e-01
9.027284950914172823e-01
3.424580610414689197e-01
8.782040961298273052e-01
4.171504805154193085e-01
9.482302327725787849e-01
1.914496678716953726e-01
6.037071009197002569e-01
9.330548651534413818e-01
2.436075866910453191e-01
7.186254285506795680e-01
7.885913957650236839e-01
6.501885245325423890e-01
8.870292876850778274e-01
3.908124888485269288e-01
9.285045408933331190e-01
2.588970478917957951e-01
7.482905292903651029e-01
7.345720709523703151e-01
7.604061797635529585e-01
7.105356240097133735e-01
8.021315289890782463e-01
6.189945028438148533e-01
9.197772023425179189e-01
2.877696915346061868e-01
7.993373550578667386e-01
6.255488766811464485e-01
9.135261702999989408e-01
3.080848152603634649e-01
8.313573912787696196e-01
5.467888890552206060e-01
9.664621194578152386e-01
1.264110553325993314e-01
4.306820716469615951e-01
9.562605967544878238e-01
1.631224446120307647e-01
5.324026994357203835e-01
9.709052537701855501e-01
1.101681436893848787e-01
3.823213828411377024e-01
9.209917979479539385e-01
2.837870336361415502e-01
7.926826173869498948e-01
6.409138533701447260e-01
8.975588151206715937e-01
3.585932552274058716e-01
8.970161168779918759e-01
3.602749914625706928e-01
8.988599957579397337e-01
3.545517447575075587e-01
8.924947396829676638e-01
3.741967293526778371e-01
9.132767946683028049e-01
3.088889348559045733e-01
8.325585870400084021e-01
5.436786661252173136e-01
9.675594790895349906e-01
1.224137207027384960e-01
4.189715465771566838e-01
9.493941199700183242e-01
1.873752072518538314e-01
5.938363819407966870e-01
9.406594603546175604e-01
2.176950359999111906e-01
6.641852384735432713e-01
8.698685091228043342e-01
4.414694152411686168e-01
9.616392655263780176e-01
1.438678352446383923e-01
4.803625367839738369e-01
9.734960431499128930e-01
1.006258387733657278e-01
3.529510894436370672e-01
8.906688098263283448e-01
3.797737360126323680e-01
9.186280172457952364e-01
2.915272743897312502e-01
8.055025784388398780e-01
6.110058808121598961e-01
9.269430082579546148e-01
2.641067040286275702e-01
7.579819763714736869e-01
7.154366694831267859e-01
7.939894616238701852e-01
6.379237661710172036e-01
9.008104354282899795e-01
3.484688799219599065e-01
8.854494466267889274e-01
3.955720239708985786e-01
9.324697115076150400e-01
2.455827996512288391e-01
7.225603638501035819e-01
7.818208493273470783e-01
6.652503346492096847e-01
8.685000749034643697e-01
4.454100097049504270e-01
9.633777385423867301e-01
1.375961785510395885e-01
4.627875337768411201e-01
9.695994061946020537e-01
1.149579510365408702e-01
3.967962200670824280e-01
9.334610212494757198e-01
2.422350179237100776e-01
7.158731346593187883e-01
7.932552799562024859e-01
6.396052290334562906e-01
8.989904821034131466e-01
3.541457212444552027e-01
8.920334645379293104e-01
3.756080744613136679e-01
9.146539305570338119e-01
3.044422597070500780e-01
8.258529638249091365e-01
5.608973992694376021e-01
9.605368763726529480e-01
1.478325634535871125e-01
4.913145768816801762e-01
9.747057973584972723e-01
9.615218322150996533e-02
3.389370694446638410e-01
8.738290563636150754e-01
4.299821628113274508e-01
9.558802596541401408e-01
1.644754365449276889e-01
5.359507425413043702e-01
9.699594220318424886e-01
1.136387524096365842e-01
3.928274468056298097e-01
9.302047709830194577e-01
2.532030345914463298e-01
7.374559056740036533e-01
7.550973021561008247e-01
7.212089290874481584e-01
7.841597777987389106e-01
6.600875606573481935e-01
8.750506943988414221e-01
4.264142088606927561e-01
9.538820122353687259e-01
1.715653639797731222e-01
5.543096904628181942e-01
9.634967843351482930e-01
1.371658505528104421e-01
4.615703819802446373e-01
9.692403413895372966e-01
1.162726578492589147e-01
4.007379748551195275e-01
9.365734964201346546e-01
2.316739706716448299e-01
6.942044537410267946e-01
8.279100575738826961e-01
5.556524771533825069e-01
9.629209269680998329e-01
1.392464399624812055e-01
4.674417887889996126e-01
9.708658552426854271e-01
1.103128508296402077e-01
3.827613105087632195e-01
9.213948497768715828e-01
2.824628842679585139e-01
7.904426527880391573e-01
6.460079552216414500e-01
8.918585403467810258e-01
3.761428489934316999e-01
9.151716839636907519e-01
3.027666440555377703e-01
8.232861128812516416e-01
5.673957479507093504e-01
9.572854713168413854e-01
1.594709911178835149e-01
5.227559770280773010e-01
9.729804454870405461e-01
1.025290429288345934e-01
3.588656693112339813e-01
8.973162927340326833e-01
3.593450777595293411e-01
8.978431521131559068e-01
3.577112226350063207e-01
8.960402249603035552e-01
3.632933468322294135e-01
9.021140348207007387e-01
3.443867817008434695e-01
8.805596525332584079e-01
4.101799683686859210e-01
9.435362114792238408e-01
2.077749535159631733e-01
6.419576366088697306e-01
8.964073146928538405e-01
3.621588393462029098e-01
9.008992762754949313e-01
3.481911040989590922e-01
8.851208305886968386e-01
3.965595888020218562e-01
9.332703171916534313e-01
2.428796457385117014e-01
7.171675813553423096e-01
7.910691422722559984e-01
6.445871422258834249e-01
8.934687773815134237e-01
3.712110527809984184e-01
9.103122875894626986e-01
3.184109239470979680e-01
8.463990890871879724e-01
5.070299172103089891e-01
9.748072630296632513e-01
9.577644559969268612e-02
3.377529404651289924e-01
8.723359775219232670e-01
4.343270873868960158e-01
9.581795673407551561e-01
1.562787878786097984e-01
5.142373405174288648e-01
9.742094627264641371e-01
9.798900329664506081e-02
3.447099182653430294e-01
8.809514630078899566e-01
4.090163330453781554e-01
9.427156921552126700e-01
2.106109820861707671e-01
6.483905856123907130e-01
8.891229129962857636e-01
3.844750984670116112e-01
9.229505887905941064e-01
2.773399178225900985e-01
7.816477024385213301e-01
6.656308296732983409e-01
8.680090702207658993e-01
4.468203645174648186e-01
9.639705128427841219e-01
1.354523165283751662e-01
4.567094472543409278e-01
9.676911193676036582e-01
1.219335657722438321e-01
4.175565081102079468e-01
9.484919755155694077e-01
1.905342968027533834e-01
6.015008163240712635e-01
9.348205787136338873e-01
2.376311508758480184e-01
7.065340893361451435e-01
8.086403127741479402e-01
6.034905135896369011e-01
9.332298830281173796e-01
2.430162869606305731e-01
7.174415478067461827e-01
7.906047758208853971e-01
6.456405706533624445e-01
8.922764143010754045e-01
3.748649376540550970e-01
9.139307430695381429e-01
3.067792257734099914e-01
8.293963563883808288e-01
5.518423575524293856e-01
9.645182428572836031e-01
1.334689280058485861e-01
4.510543957249909530e-01
9.656568785064013616e-01
1.293383188487307878e-01
4.391786806918478447e-01
9.605729917587015887e-01
1.477028251235120992e-01
4.909581322387766567e-01
9.746811540468154345e-01
9.624342777185555808e-02
3.392244584920587891e-01
8.741897784860303000e-01
4.289298377386447370e-01
9.553012249409639223e-01
1.665330988123053246e-01
5.413193206678774683e-01
9.683415835842259511e-01
1.195590282346960381e-01
4.105322013088577027e-01
9.437825006897088143e-01
2.069226591181955177e-01
6.400121218204372076e-01
8.985467623990223140e-01
3.555258649069032995e-01
8.935961747274964173e-01
3.708199998355402038e-01
9.099188574742896884e-01
3.196694681191946108e-01
8.481755071591847717e-01
5.022178832363334289e-01
9.749808158764049493e-01
9.513357574260032645e-02
3.357243961852063308e-01
8.697527513660112675e-01
4.418033211433320950e-01
9.617912716232099868e-01
1.433204036652129254e-01
4.788406956779679979e-01
9.732539069783696650e-01
1.015198841658636747e-01
3.557330294107718394e-01
8.938294606683263588e-01
3.701035880478112383e-01
9.091949964315944044e-01
3.219818740918550248e-01
8.514072327077922830e-01
4.934005315225409305e-01
9.748301433616786138e-01
9.569170632499816864e-02
3.374857342958730300e-01
8.719975424263288755e-01
4.353095308722094159e-01
9.586790584957027850e-01
1.544927330602330895e-01
5.094364411180694052e-01
9.746527189581982720e-01
9.634870590379962518e-02
3.395559678204047027e-01
8.746050788980166413e-01
4.277170359688617918e-01
9.546231751324053549e-01
1.689392976668681323e-01
5.475553643457045094e-01
9.661801005555943345e-01
1.274368439993062152e-01
4.336671096841305806e-01
9.578397958831370573e-01
1.574926130921808221e-01
5.174858906629521416e-01
9.738075501481208152e-01
9.947498114828030868e-02
3.493608661679353800e-01
8.865006202974686778e-01
3.924073549877205580e-01
9.298529086831204271e-01
2.543832598969776315e-01
7.397224262265410522e-01
7.508793176198361730e-01
7.295323151633609227e-01
7.695281735534154066e-01
6.916827982777439265e-01
8.317050488932135055e-01
