1.000000000000000056e-01
1.086000000000000076e+00
-6.211543999999999954e-01
7.856340959048961903e-01
-5.045562570762499033e-02
1.232126150539701648e+00
-1.140525478893584577e+00
-4.514798700457060554e-01
3.724746540528420247e-01
6.703237239097901146e-01
4.826749434450486875e-01
8.749319757313837043e-01
7.309413601340317146e-02
1.254999738912050855e+00
-1.183105841733021135e+00
-5.831352841663054454e-01
1.690027839844887025e-01
7.850726973577974999e-01
1.878260390040395744e-01
1.186131739908213412e+00
-9.133240944835480102e-01
1.880142597825938400e-01
6.765136650207002056e-01
4.156652433911420252e-01
9.610654671174256869e-01
-1.684059919025470975e-01
1.248614830783074670e+00
-1.233176391482788459e+00
-7.544291682797934495e-01
-1.667816353767136994e-01
7.347286900575584756e-01
1.942087621958117627e-01
1.167614746378186297e+00
-8.503912456849711532e-01
3.378530448807643416e-01
5.850800743852233587e-01
6.221097426445635348e-01
6.336952776649679153e-01
6.244353358845359248e-01
6.442212991177638237e-01
6.063010856335897536e-01
6.786249807186718330e-01
5.371457154524921229e-01
7.996517667350440117e-01
2.659235873762795244e-01
1.140894033968215426e+00
-7.425177992290904472e-01
5.704024551496479356e-01
3.217421150542283947e-01
1.026195552505498654e+00
-3.777856022586231211e-01
1.108047919968174755e+00
-8.322139508017050158e-01
3.628022921178766236e-01
5.660601103271094559e-01
6.602470197304080024e-01
5.595214552100927774e-01
7.597841435425345402e-01
3.596757138729000935e-01
1.046821976252787945e+00
-4.262680357902395301e-01
1.059660379204779845e+00
-6.999125776960566370e-01
6.320694507774400339e-01
2.307097198426505125e-01
1.115103070471407998e+00
-6.716238849318715287e-01
7.030208212060506945e-01
1.065792494515167832e-01
1.195003455382707136e+00
-9.672727868917984084e-01
4.863773464881526731e-02
7.065062830079844591e-01
3.157797412929830849e-01
1.072348301886906663e+00
-5.151693103957302178e-01
9.501453048430148485e-01
-4.184373335600348187e-01
1.039917868489339758e+00
-6.395320425527868391e-01
7.393736337143665960e-01
4.279766890938310753e-02
1.219247793464601992e+00
-1.068351953942806132e+00
-2.321519184513959888e-01
6.040420952802292298e-01
4.195408304458399518e-01
9.347923168084096845e-01
-9.750909665589579944e-02
1.267126461539614501e+00
-1.277105986344234445e+00
-9.032616420369075083e-01
-5.253660274685647558e-01
3.426082594435866935e-01
6.780576045448809541e-01
4.591155167194770348e-01
9.083154005938349762e-01
-1.731695872247132617e-02
1.272074792294996426e+00
-1.270639075686043284e+00
-8.787106872358965148e-01
-4.621771833134268870e-01
4.373359455434849274e-01
5.935790240357923242e-01
6.379303027776482837e-01
6.083366075279629248e-01
6.732762915512113810e-01
5.478796315874563394e-01
7.817419604735937888e-01
3.087951996051000458e-01
1.101026322723263062e+00
-6.045239887797855260e-01
8.186789426026678251e-01
-1.196864921193667441e-01
1.225548883826625302e+00
-1.138664040943971889e+00
-4.475134522464097042e-01
3.780251817987089202e-01
6.656817110225513590e-01
4.930225579937365654e-01
8.594047735398031573e-01
1.138995767019204686e-01
1.239659073059913519e+00
-1.117286591377093075e+00
-3.757633362614866690e-01
4.671367037571638181e-01
5.817676191256025975e-01
6.663060233988481462e-01
5.529810821930598586e-01
7.717884988508838529e-01
3.319738429160169479e-01
1.077247264322665377e+00
-5.250541830121281395e-01
9.372195261588528448e-01
-3.872488712024328983e-01
1.071219494301073993e+00
-7.226903483196377431e-01
5.901719729142191895e-01
2.955687548452620161e-01
1.054746347497175663e+00
-4.688151741285073726e-01
1.008721169758752811e+00
-5.651703098858054108e-01
8.554318800806416379e-01
-1.940202750073632409e-01
1.203928150064686342e+00
-1.087426269227657949e+00
-2.943158023895299236e-01
5.525016110810325731e-01
4.843440169371499016e-01
8.373257058843699419e-01
1.637431322524833255e-01
1.213661173061514997e+00
-1.013039880520128611e+00
-7.265136741547667532e-02
6.886985261816873649e-01
3.141766658245974120e-01
1.068419789566381173e+00
-5.038761856845191955e-01
9.650782421699422020e-01
-4.550892746191115834e-01
9.995747256282938586e-01
-5.353362673465638100e-01
8.986535308973158109e-01
-2.912103162358672392e-01
1.150871231674123418e+00
-9.416695235239196382e-01
1.038232813549650468e-01
7.024081596909870218e-01
3.404188724858187576e-01
1.048483435664973484e+00
-4.369188590636114422e-01
1.047287705531864788e+00
-6.666118111405605617e-01
6.920664822066215915e-01
1.294780345464445759e-01
1.184149558659971957e+00
-9.242508378205153141e-01
1.593094119012974375e-01
6.871934644453732144e-01
3.866640229633810377e-01
9.968453460176954772e-01
-2.751816945389802260e-01
1.193038652792226095e+00
-1.075232226240499633e+00
-2.606624806468735289e-01
5.823074317840757352e-01
4.470865326505856219e-01
8.948513147866903328e-01
1.306353398952006528e-02
1.268216476147593585e+00
-1.247803182324251692e+00
-7.993529517016635388e-01
-2.688921526491023228e-01
6.589699288307254710e-01
3.113944402608293527e-01
1.061937882253720433e+00
-4.853785599934744566e-01
9.887520795742417157e-01
-5.142965128053849089e-01
9.263243595549812692e-01
-3.555965005885401986e-01
1.100868888143352375e+00
-8.033561826113352344e-01
4.267270478472059980e-01
5.040587825064510863e-01
7.723127556435217533e-01
3.161638452103691099e-01
1.091750418867567740e+00
-5.738374143734025212e-01
8.665199962716174653e-01
-2.233508898260102293e-01
1.190116130900986446e+00
-1.049932233990830355e+00
-1.862659350918698942e-01
6.364473317968426525e-01
3.770289308605905831e-01
9.919230589508207796e-01
-2.643672175715175987e-01
1.199730881668137572e+00
-1.094406029070944530e+00
-3.168951145531248570e-01
5.310866722000232576e-01
5.100571908901696538e-01
7.951043284897276742e-01
2.679499068107099591e-01
1.138015284963102891e+00
-7.327253322903000132e-01
5.897636078770280843e-01
2.932328418663294745e-01
1.056549382994503183e+00
-4.748453856285925756e-01
1.001295418544477567e+00
-5.460831369660023027e-01
8.828991160932617710e-01
-2.551401299673687895e-01
1.173734654540306455e+00
-1.005256293966604320e+00
-6.263590682116870756e-02
6.929305522573845355e-01
3.089953776012359654e-01
1.074209764946712831e+00
-5.227986534692500298e-01
9.396171245870483801e-01
-3.928720731849008052e-01
1.065797285132071615e+00
-7.081550161483221029e-01
6.176622478851789833e-01
2.534441817079022274e-01
1.095371139827330254e+00
-6.037398530409038289e-01
8.183088077384060854e-01
-1.186029826634234507e-01
1.225799307826197504e+00
-1.139198415093085837e+00
-4.491424481829787707e-01
3.758199612083545360e-01
6.675203650053976867e-01
4.889291755867912759e-01
8.655836752656482780e-01
9.774961423509534453e-02
1.246298120663340558e+00
-1.145237723526035367e+00
-4.623077845429319765e-01
3.572088002335977452e-01
6.826702868870635488e-01
4.547084312322274280e-01
9.153374256589764668e-01
-3.656711456713498953e-02
1.272729212282820654e+00
-1.278745641287409418e+00
-9.074478174713205281e-01
-5.364698503930711571e-01
3.248457942255341124e-01
6.913243388456533634e-01
4.283526601951286317e-01
9.505168995589553527e-01
-1.363695288274982820e-01
1.259119762117999031e+00
-1.260446464146770085e+00
-8.464794759367331167e-01
-3.812724436990077570e-01
5.425400103650817041e-01
4.735287389045774731e-01
8.488407499135411927e-01
1.333157554720771354e-01
1.229769898054135391e+00
-1.077272876382486588e+00
-2.557926208489140762e-01
5.852163262521952181e-01
4.437928058283636679e-01
8.998320215686421708e-01
-4.388921079237773082e-04
1.269949336793797290e+00
-1.258011512864584791e+00
-8.346453520616385902e-01
-3.526894630647106621e-01
5.754605940818849907e-01
4.305763076030804104e-01
9.130838388878219636e-01
-3.803804329244672711e-02
1.271899501833821278e+00
-1.276231092858906013e+00
-8.987022727816260659e-01
-5.136014130016759438e-01
3.610883421532667392e-01
6.633808689249046653e-01
4.922226544881939669e-01
8.598178624495058653e-01
1.126653371243258039e-01
1.240174489269778579e+00
-1.119446268232480612e+00
-3.823715796625439811e-01
4.594748846231749839e-01
5.897244886619650295e-01
6.509575038482899867e-01
5.836734060556344472e-01
7.183427482432671596e-01
4.526791962815245318e-01
9.286169878284582513e-01
-7.145755523258115471e-02
1.271436441268793072e+00
-1.284608140430528511e+00
-9.288743718638947655e-01
-5.933130803169215373e-01
2.285091126556163532e-01
7.489030955116035004e-01
2.833545487430783050e-01
1.112265208242730008e+00
-6.469810862312173061e-01
7.476612261555228844e-01
2.330944139570298446e-02
1.223537705765205263e+00
-1.088869491982143556e+00
-2.928301670676705104e-01
5.532898429625252579e-01
4.835694394240045990e-01
8.386117890459731106e-01
1.604932060095586310e-01
1.215522239868474630e+00
-1.020344080057955294e+00
-9.288618643249862972e-02
6.818177949006514194e-01
3.213084364497889589e-01
1.060010582602864071e+00
-4.766788783871516166e-01
9.998913204402530841e-01
-5.426993772845994934e-01
8.876357363849469717e-01
-2.658658938960857809e-01
1.167332177963453343e+00
-9.874899473612847034e-01
-1.499130120639396990e-02
7.034383810350093302e-01
3.027468313596648475e-01
1.082713612852858498e+00
-5.503522250317457454e-01
9.007714836195068742e-01
-3.010506394924461482e-01
1.143347362531517142e+00
-9.204556598186206529e-01
1.568701383904700375e-01
6.894117656083105228e-01
3.816570259343057825e-01
1.002896610059466065e+00
-2.936251468759843997e-01
1.180166965388719014e+00
-1.037999236735540176e+00
-1.543692920323737616e-01
6.552383993277310914e-01
3.526169084552938648e-01
1.022497362018322642e+00
-3.579161249316120119e-01
1.127403675125010940e+00
-8.868295028390171808e-01
2.371679085895255223e-01
6.552030855376734797e-01
4.701428559595346446e-01
8.871128986475992351e-01
3.928584386213646029e-02
1.263973141055135585e+00
-1.224893588673658940e+00
-7.213180826868279549e-01
-9.588776357749984047e-02
7.707323267084993379e-01
1.395940237198542988e-01
1.203938609970930829e+00
-9.873772400942757432e-01
-3.697756967385279481e-03
7.037676852024914442e-01
3.054861362804021097e-01
1.080479814317407694e+00
-5.427654399222111570e-01
9.117118924116902612e-01
-3.265356366475309358e-01
1.124237836922375333e+00
-8.674356905493211256e-01
2.838488029424240944e-01
6.269710927306176851e-01
5.348247893149726817e-01
7.876387504470585554e-01
2.919227151063665815e-01
1.116985204901015605e+00
-6.591415126229591692e-01
7.268410143422689984e-01
6.264054203097443874e-02
1.212558931794372796e+00
-1.039626665694742380e+00
-1.493853660946828366e-01
6.568696176470378845e-01
3.511156177487231300e-01
1.024465837456216999e+00
-3.640076676361980179e-01
1.121837536299742366e+00
-8.711295412823653050e-01
2.741379121171688693e-01
6.334489048113455256e-01
5.204808526257802548e-01
8.107742263133208560e-01
2.358474713121845590e-01
1.165358626279903831e+00
-8.305307775893228106e-01
3.839136663515959058e-01
5.444951822270689412e-01
7.001090950495941767e-01
4.771347117084944189e-01
8.913121821508709353e-01
3.092804504178200964e-02
1.266054493087112265e+00
-1.234773157739955884e+00
-7.547143035790089272e-01
-1.678630993594346088e-01
7.341364807491197464e-01
1.951021488787858804e-01
1.166950156328768085e+00
-8.479510896343946946e-01
3.434555763216103896e-01
5.804682470407083184e-01
6.313159327449653357e-01
6.161567443995086268e-01
6.578859926868877439e-01
5.789074521967961795e-01
7.281784243134861168e-01
4.313308909690989346e-01
9.579886547881704129e-01
-1.554399004932579820e-01
1.253570408704955508e+00
-1.246646247560970311e+00
-7.997064905695003834e-01
-2.693365337508720203e-01
6.585290170510414987e-01
3.120743870572431078e-01
1.061212112835296928e+00
-4.830172916825239970e-01
9.917356481605403840e-01
-5.218606216701270339e-01
9.162467826182580932e-01
-3.318696198226713800e-01
1.120681612399735183e+00
-8.578590728660197007e-01
3.059134192619550885e-01
6.116260500218371199e-01
5.680530306871458546e-01
7.317298710645590010e-01
4.208158633147251471e-01
9.715985741751232974e-01
-1.953605460803680416e-01
1.238047532101789638e+00
-1.204474532264774966e+00
-6.596481987936909652e-01
2.946759568010243191e-02
8.008898654886603685e-01
1.108458714046085813e-01
1.223065429556172257e+00
-1.060990901544211162e+00
-2.090627415565853853e-01
6.205126076667188961e-01
3.982309227503325055e-01
9.641307673316018567e-01
-1.818981142964928577e-01
1.242917536621012564e+00
-1.217351038265012342e+00
-7.018457095245609345e-01
-5.482767144875172471e-02
7.852377841635426181e-01
1.203139698160759913e-01
1.215305703382997704e+00
-1.031660942800517011e+00
-1.254623102451728478e-01
6.684646093509665210e-01
3.367783993898118000e-01
1.041751816391500940e+00
-4.183120659200444402e-01
1.067546566625436455e+00
-7.210115604552737034e-01
5.924632315534226201e-01
2.922787788236036466e-01
1.058141331095163062e+00
-4.798446735534999119e-01
9.950911242958180303e-01
-5.302422859792910170e-01
9.049077027119836192e-01
-3.054738163922589012e-01
1.140832357311843070e+00
-9.137399994032529005e-01
1.733606060803137283e-01
6.838025405422769598e-01
3.973879015911929158e-01
9.840567600992108366e-01
-2.364984194583801547e-01
1.216912924660926709e+00
-1.144177418527048573e+00
-4.677248736958310449e-01
3.504735939785920129e-01
6.877181017844713473e-01
4.430034156627264963e-01
9.315625937309620630e-01
-8.203138775544246974e-02
1.270047970111371383e+00
-1.282840001264253571e+00
-9.229354653477264137e-01
-5.773858228545500904e-01
2.563952165888859214e-01
7.347503432181086147e-01
3.211172713738860707e-01
1.076062280200978494e+00
-5.247388618076946898e-01
9.373274617325646485e-01
-3.874375372675257223e-01
1.071047255122273834e+00
-7.222303729671973871e-01
5.910507802458103699e-01
2.942534533489870041e-01
1.056096101342816951e+00
-4.731985293754002453e-01
1.003345242918586955e+00
-5.513419058949216023e-01
8.754345168013935030e-01
-2.383424022586813906e-01
1.183100414040203274e+00
-1.031119946260544928e+00
-1.335615567948276738e-01
6.656898508869952824e-01
3.395313643580217255e-01
1.038312788930150887e+00
-4.074714174108647335e-01
1.079047698269498312e+00
-7.523229344202425617e-01
5.313285927642910078e-01
3.790690167894927298e-01
9.582279305436334216e-01
-1.717603685866602448e-01
1.246166105259254531e+00
-1.225630057231825054e+00
-7.291868204883447113e-01
-1.120878040130095510e-01
7.636548077216542829e-01
1.499375272971416873e-01
1.197622675387722602e+00
-9.630388434548424748e-01
6.086546301234002643e-02
7.059019005407581870e-01
3.206431484418257871e-01
1.067833730062466069e+00
-5.001834805502196613e-01
9.700931991172752067e-01
-4.675681851280908408e-01
9.849599488936153779e-01
-4.984749968327458758e-01
9.476197332137161755e-01
-4.067189213362720768e-01
1.052697526601998002e+00
-6.734565919204315021e-01
6.808479642990836744e-01
1.489874917375817731e-01
1.173178207517766802e+00
-8.821897017111656192e-01
2.623913245280005690e-01
6.389541994240683920e-01
5.071499408120871966e-01
8.316047723752355569e-01
1.839518858314518335e-01
1.202107816891244241e+00
-9.679029190540107130e-01
4.906186006878848760e-02
7.062592317250235840e-01
3.163956146650878654e-01
1.071729110546488783e+00
-5.131259165503486708e-01
9.529012444340571042e-01
-4.251668692666689120e-01
1.032796759919388130e+00
-6.208868669999814127e-01
7.701383257175428154e-01
-1.662431713462247940e-02
1.230654582626993232e+00
-1.125302277577532983e+00
-4.036309275015583786e-01
4.343242208366646095e-01
6.148181814220063934e-01
6.010953115611109565e-01
6.786036514135531661e-01
5.356245114718032330e-01
8.019300312188950564e-01
2.603588684825077770e-01
1.145677572809179923e+00
-7.595002806283546182e-01
5.361263250583848672e-01
3.697459048226411360e-01
9.694410497311564123e-01
-2.048185570185925286e-01
1.232101417100497143e+00
-1.186749029935052269e+00
-6.020921389423532499e-01
1.364543697328351457e-01
7.933046452904346513e-01
1.598711465847152680e-01
1.202209096672694155e+00
-9.754680529961908819e-01
2.850963761915709105e-02
7.062216648890968784e-01
3.103042353435281342e-01
1.077062293605744570e+00
-5.309971874271153247e-01
9.283774698040134776e-01
-3.659377732437173458e-01
1.091038605500005643e+00
-7.762926661410708418e-01
4.836291567438248395e-01
4.396561744038384179e-01
8.744721746551618047e-01
6.131463437657277971e-02
1.257078374252322606e+00
-1.193950064305035808e+00
-6.185999461999018845e-01
1.060827298945591912e-01
7.986650523253946421e-01
1.388126068400722390e-01
1.212622999952787328e+00
-1.016992573968275027e+00
-8.419655372342799149e-02
6.849775442870545961e-01
3.178691032344382883e-01
1.064036189778623909e+00
-4.896814874517250171e-01
9.835077141194796813e-01
-5.011068394610512788e-01
9.435010238593426468e-01
-3.966039066713942796e-01
1.062837784855986012e+00
-7.004549916860289827e-01
6.319592619277709655e-01
2.307419902633811304e-01
1.115049166079342458e+00
-6.714459028049175604e-01
7.033393092728876805e-01
1.060055716026769013e-01
1.195269739086731953e+00
-9.683359773662468806e-01
4.583653063943721184e-02
7.065578242326417957e-01
3.148374166137206109e-01
1.073195708809790538e+00
-5.179974161867321181e-01
9.463088601963542956e-01
-4.090998672965919791e-01
1.049584876067981565e+00
-6.650097370878738090e-01
6.957423322300382296e-01
1.228167288739878682e-01
1.187605171221182143e+00
-9.377234411336142772e-01
1.252261984943010553e-01
6.967287265548480768e-01
3.579645737788540449e-01
1.029624527453507188e+00
-3.767879624137447925e-01
1.110130522168189859e+00
-8.383820754733082303e-01
3.490008503855523414e-01
5.779631463602332708e-01
6.370422971447970983e-01
6.052369002159421196e-01
6.782763016072359541e-01
5.374888322139965702e-01
7.990309478254986608e-01
2.674160118481183623e-01
1.139593431597795359e+00
-7.379176615227391878e-01
5.795465642172756837e-01
3.084007934087099057e-01
1.040708500140012260e+00
-4.237836171465302337e-01
1.060782974215487950e+00
-7.024998108835981414e-01
6.273265142565587205e-01
2.382960790499224768e-01
1.108698924470173930e+00
-6.494098034548719811e-01
7.421833473884386079e-01
3.400648936654759869e-02
1.221035986369879645e+00
-1.077098485204406542e+00
-2.578868096505140817e-01
5.837626052102693475e-01
4.455436661662127706e-01
8.972159597179193424e-01
6.668030128298002568e-03
1.269102540239267274e+00
-1.252869351659976038e+00
-8.168234951886641504e-01
-3.099416767071086487e-01
6.204635712993813446e-01
3.680524363544519506e-01
9.964914371207873600e-01
-2.797775270507372181e-01
1.189361780636559729e+00
-1.064347281449776306e+00
-2.291606555503731268e-01
6.071753670918795809e-01
4.151251063704659017e-01
9.408922146128370079e-01
-1.148518914155286924e-01
1.263800324637436967e+00
-1.270523332199826161e+00
-8.807812553385785392e-01
-4.672428673180709091e-01
4.301233675149691571e-01
6.008185840091946339e-01
6.236608510073516909e-01
6.357115752918587326e-01
6.213173655581263333e-01
6.502640963458310441e-01
5.944144566723936762e-01
7.004192640821575999e-01
4.915023333053704091e-01
8.719214181221744964e-01
8.310495685935373467e-02
1.251907418040219211e+00
-1.169249569623973084e+00
-5.384301530801187674e-01
2.433552874685759870e-01
7.555604397614857914e-01
2.737863768549750887e-01
1.121725559716521659e+00
-6.794396107933886597e-01
6.902242093138564183e-01
1.291948739898698406e-01
1.183699421142795360e+00
-9.228435852623431135e-01
1.628134303390410542e-01
6.860354260830250350e-01
3.899415809244275999e-01
9.929344166775286862e-01
-2.633037838745135306e-01
1.200819889359567405e+00
-1.097746904516486932e+00
-3.268216061178705334e-01
5.211386215294036006e-01
5.217338701752450847e-01
7.752528626555659219e-01
3.150963595746637536e-01
1.093575856652581724e+00
-5.797425080824000210e-01
8.575308310470342033e-01
-2.034255290994240184e-01
1.199324525068977465e+00
-1.074758701734526589e+00
-2.573514162150256079e-01
5.848507374806110048e-01
4.439240359512319767e-01
8.995592516708603714e-01
2.876246120760983516e-04
1.269867659682173633e+00
-1.257503134965729741e+00
-8.328794903234415514e-01
-3.484144840517289787e-01
5.801864391271220889e-01
4.242128289786677442e-01
9.221167977600184251e-01
-6.315529550206652742e-02
1.271051011438070866e+00
-1.280745531799459602e+00
-9.151174606825716040e-01
-5.566396131244029100e-01
2.916780393362296553e-01
7.139016059792411273e-01
3.739857075732335168e-01
1.018359048537099465e+00
-3.396815001603708528e-01
1.143970784389449769e+00
-9.340412677993692459e-01
1.217849093836809171e-01
6.990234298451613038e-01
3.524482151536139085e-01
1.035799386842592984e+00
-3.962980531508041304e-01
1.090866810349213178e+00
-7.848759730352939945e-01
4.648176328374246657e-01
4.620596035741901808e-01
8.405465816940345114e-01
1.494919026757204616e-01
1.220877013956360502e+00
-1.041909385687082690e+00
-1.535421309890594999e-01
6.544219239097490703e-01
3.543620844120498603e-01
1.020525095556530815e+00
-3.517514336013176646e-01
1.132936829210144047e+00
-9.024896326534243007e-01
1.995984968973653628e-01
6.734777262548101717e-01
4.248784022033210150e-01
9.493129985540572635e-01
-1.342097162521774800e-01
1.259576752455131121e+00
-1.261409948331233544e+00
-8.497440551120680752e-01
-3.893139273769918862e-01
5.328853157968027610e-01
4.856523580783009830e-01
8.296640966692208075e-01
1.820161888007544582e-01
1.202517378820993521e+00
-9.698624082728913853e-01
4.386888627304841304e-02
7.063470066621598820e-01
3.146641345330838946e-01
1.073285177412611313e+00
-5.183182605151435141e-01
9.458702063669615079e-01
-4.080341043642925491e-01
1.050672499455969966e+00
-6.678880128675649397e-01
6.906975930117325024e-01
1.317451651506494070e-01
1.182909773946719145e+00
-9.194621970729545124e-01
1.712979075993014133e-01
6.830811784710553169e-01
3.981495173458224346e-01
9.829921001135206726e-01
-2.333380012360789235e-01
1.218672358084868401e+00
-1.149228643275010509e+00
-4.834153569077490609e-01
3.280648368055519293e-01
7.042982409201206107e-01
4.039690340132188195e-01
9.828220996578338475e-01
-2.311242812022004101e-01
1.220060823191622790e+00
-1.153305061562488243e+00
-4.961393440784299114e-01
3.093925332916490079e-01
7.171449612571971777e-01
3.728021063482730990e-01
1.020569513680366525e+00
-3.463463532508096465e-01
1.138232739129921622e+00
-9.177071817733286618e-01
1.624087616692931335e-01
6.877605972542668589e-01
3.865021337110237654e-01
9.971907200678362670e-01
-2.761944249518665240e-01
1.192360511496061815e+00
-1.073271352610769780e+00
-2.549678014201130494e-01
5.870065825513604008e-01
4.411022404318881152e-01
9.037023136457643657e-01
-1.101834823462385926e-02
1.270940728496781968e+00
-1.264711973963090097e+00
-8.580127093708274089e-01
-4.100737254075421667e-01
5.071715428112835156e-01
5.168657190051287875e-01
7.781412227676207660e-01
3.073544481031353914e-01
1.101188907353990221e+00
-6.054574791203241046e-01
8.171464095743643519e-01
-1.164568002884819042e-01
1.226156862005505443e+00
-1.139781950427007917e+00
-4.508969937252202409e-01
3.734340763412797859e-01
6.694966887604232308e-01
4.845140801367445738e-01
8.721935552370689848e-01
8.034398712511400809e-02
1.252620847797095927e+00
-1.172579387532747264e+00
-5.491331337542126878e-01
2.260601057187650031e-01
7.637156199171253323e-01
2.512518643680707875e-01
1.140736186887333581e+00
-7.464151079935334998e-01
5.622311372488024706e-01
3.335300752330255247e-01
1.012930105655714064e+00
-3.363793359512667336e-01
1.145467550979692994e+00
-9.378480752717615054e-01
1.122576480865811188e-01
7.010030860429685706e-01
3.457098371275024729e-01
1.042979517731476458e+00
-4.192158330320857607e-01
1.066855174788742922e+00
-7.192166994725526230e-01
5.958748273163538833e-01
2.871414563972219391e-01
1.063332145820221397e+00
-4.968029163493246081e-01
9.734612509755948828e-01
-4.757184049161553574e-01
9.752071742063188609e-01
-4.741561671477094730e-01
9.778084530800064123e-01
-4.807999694249138756e-01
9.697064810854045813e-01
-4.607029140701274228e-01
9.937658992798312774e-01
-5.208098018210705060e-01
9.183897802418854450e-01
-3.370586443801552035e-01
1.116464992420622471e+00
-8.462093043351394117e-01
3.324412362854820002e-01
5.914131628832306475e-01
6.100550299614793115e-01
6.563899534511471456e-01
5.798296296002051209e-01
7.262336269281086665e-01
4.355674956464441472e-01
9.522634275092314304e-01
-1.388576408263476059e-01
1.258685006070566992e+00
-1.259660414557512542e+00
-8.438366021833159092e-01
-3.747824200252509175e-01
5.502024120410282659e-01
4.637535020903532090e-01
8.639664886308143776e-01
9.411271975922311239e-02
1.246789860960574980e+00
-1.148045124423958896e+00
-4.711736925109001883e-01
3.447799547527135577e-01
6.922253881677333798e-01
4.325876031922572529e-01
9.456827682404493896e-01
-1.222659764480099054e-01
1.262776273876635269e+00
-1.269125277946465236e+00
-8.761176774087788832e-01
-4.553526419193537067e-01
4.468802568732572200e-01
5.838114578478422745e-01
6.568939314217852043e-01
5.710299453600760078e-01
7.405629015294316053e-01
4.035022080376560183e-01
9.942292258110601022e-01
-2.628377924283069600e-01
1.201551580563297916e+00
-1.100068018784315260e+00
-3.337440301638786022e-01
5.140404856266663769e-01
5.299441217422178330e-01
7.610350646512170636e-01
3.481391190425102700e-01
1.058629334704591862e+00
-4.645327599031684462e-01
1.015481841378820915e+00
-5.830445462091196074e-01
8.287272324037686655e-01
-1.364177198813897873e-01
1.222564457704438334e+00
-1.133454710503423168e+00
-4.318380757560266736e-01
3.988858137072380794e-01
6.476947279455523843e-01
5.323538992603230602e-01
7.975474747029275280e-01
2.691914056110734643e-01
1.137814624414066556e+00
-7.317135456594106024e-01
5.917777892621669533e-01
2.902046036925521322e-01
1.059627139972558307e+00
-4.848721649652274479e-01
9.887467190904739578e-01
-5.141297538066154083e-01
